music:38.1063;3.3594255435284373;2.93780517578125E-4;9.76526206247406E-5;0.00536949377351891;3176.6998998027693;
music:932.36;38.90897534687516;0.0106343994140625;3.465622735203393E-4;0.019810887506803057;33893.8081058775;
speech:54.2694;3.3270389464217507;0.0010478515625;5.416895018991442E-5;0.0023549104248383754;2655.0266167191153;
speech:82.6818;4.064780576124045;0.002392437744140625;4.990060207569816E-5;0.0037895686498253703;3371.270349116277;
other:33.08;153.0957957970275;0.1133333333333333;10.036124870689777;0.039091796875;1472.7438969964567;
other:108.95;620.1899309538414;0.28000000000000014;53.629926553192576;0.10564453125;3524.0201202858652;
other:33.08;153.0957957970275;0.1133333333333333;10.036124870689777;0.039091796875;1472.7438969964567;18.263381258362568;
other:108.95;620.1899309538414;0.28000000000000014;53.629926553192576;0.10564453125;3524.0201202858652;45.26777043379865;
other:98.38;522.5276041642186;0.2;50.7364157278045;0.0715576171875;2377.9403804874482;32.330029113997114;
other:58.05;329.4557974834772;0.15333333333333327;31.56191374783466;0.0694287109375;2000.1971924770933;24.756995736585928;
other:134.44;712.6833746425879;0.2733333333333335;39.162283489437954;0.0965966796875;3235.681275483643;44.30371593869344;
